#Mon Jan 25 00:51:02 KST 2021
eclipse.preferences.version=1
com.tomato.exerd.preference.PrintPrefConstants.PPI=82.60879629629628
last-known-version=3.3.8.20210122-1735
